number of boards: 400
min: 0.070324183 seconds
max: 3.88455677 seconds
mean: 0.452935755 seconds
standard deviation: 0.46037904 seconds
